526
584
553
557
545
530
526
524
527
526
526
527
545
530
526
527
526
526
526
526
532
526
527
603
526
650
526
526
533
528
527
531
529
529
530
547
530
529
527
527
526
526
534
533
526
527
527
526
527
526
543
532
539
523
622
523
526
539
556
536
526
527
526
526
526
540
532
523
527
526
526
526
526
558
541
528
527
527
526
526
527
526
625
516
594
499
596
495
495
495
501
497
495
496
495
495
495
512
495
492
496
495
495
495
491
498
495
493
492
492
492
491
492
497
494
534
492
492
491
601
510
504
492
493
492
491
492
505
496
498
496
495
496
495
494
496
499
497
499
496
495
495
496
514
498
495
496
495
575
495
621
499
543
496
499
495
496
495
495
500
497
496
496
496
463
449
444
446
453
447
446
446
445
445
446
451
448
446
461
445
535
444
563
448
456
446
447
446
445
459
446
448
446
449
449
452
448
449
452
447
442
442
439
437
455
443
440
439
439
503
439
446
441
475
436
437
435
436
433
453
439
440
439
438
438
442
456
447
444
443
442
442
442
442
461
444
443
446
446
445
441
459
445
483
443
434
391
384
381
378
387
383
381
381
380
380
380
395
383
382
381
381
381
384
395
384
387
385
384
388
396
378
390
372
458
358
362
395
396
435
431
403
447
442
423
332
321
344
328
337
306
325
321
320
340
325
330
329
355
354
336
348
359
397
387
444
364
467
374
370
483
377
363
354
412
386
398
391
381
378
369
380
398
380
389
393
363
268
221
102
2
10
19
18
12
48
96
212
275
312
208
196
193
191
197
207
188
188
188
184
188
192
191
188
188
203
183
183
192
190
188
184
184
161
184
176
208
199
244
280
467
449
440
428
432
428
427
377
317
215
124
81
23
2
4
3
3
7
90
62
30
3
0
5
63
93
110
91
87
96
212
387
355
309
301
317
313
142
46
71
31
3
3
0
4
3
198
4
3
12
31
42
58
3
3
3
3
0
3
5
15
5
5
75
129
165
172
186
325
392
412
511
428
435
442
486
409
211
180
180
184
183
183
176
187
186
184
183
184
187
180
188
189
188
191
188
191
182
184
189
228
184
238
187
215
194
196
194
202
208
234
125
1
11
3
5
7
5
5
4
2
4
3
3
3
3
3
3
3
3
262
256
251
193
188
188
220
187
228
198
204
184
189
184
183
180
183
182
180
180
180
179
180
184
186
184
187
197
212
238
463
480
466
450
442
435
424
501
426
485
348
294
180
66
3
0
3
20
118
121
87
83
86
71
62
70
39
31
11
3
4
3
3
3
3
15
31
42
50
62
64
135
113
114
106
127
54
27
47
64
58
31
43
51
50
54
30
42
71
32
87
129
297
337
365
381
388
392
406
411
417
416
417
420
425
442
508
425
520
441
470
432
448
445
444
461
470
470
377
272
261
201
194
168
161
138
144
151
155
153
168
138
113
106
113
131
141
136
95
156
24
18
0
13
3
13
7
7
11
5
3
13
8
3
3
3
3
3
3
3
6
4
3
10
34
91
116
59
55
76
83
34
104
115
52
32
62
139
227
442
482
455
466
479
463
474
445
463
428
452
449
429
442
427
430
414
430
453
426
402
418
441
488
415
496
409
499
422
496
398
386
310
204
54
26
9
50
58
69
31
35
23
74
78
98
70
47
57
56
22
36
98
6
5
4
2
4
4
2
3
12
10
12
4
16
32
106
43
8
146
246
339
373
368
410
400
425
415
424
432
439
412
460
432
433
414
435
431
442
444
438
427
447
427
428
481
425
447
440
446
429
454
456
523
540
537
508
348
19
47
66
2
3
8
6
0
9
15
5
5
4
16
4
3
9
3
5
7
3
3
3
23
3
4
3
8
4
5
17
23
3
7
3
3
3
3
3
3
3
3
3
2
0
3
2
17
3
87
281
506
534
509
473
435
437
430
428
427
427
427
426
430
517
424
420
420
420
418
434
419
418
413
413
410
409
420
402
400
399
395
391
387
377
303
255
184
15
3
3
3
3
4
0
2
13
5
3
15
3
4
3
4
3
3
3
2
3
3
3
3
2
0
0
7
18
3
5
4
2
4
3
7
212
269
306
362
383
383
388
392
391
438
393
505
401
489
406
411
406
408
424
413
414
417
416
416
416
429
420
422
421
428
432
442
477
522
528
538
389
117
11
5
0
7
0
7
18
4
20
3
47
2
6
3
3
3
3
2
0
2
13
3
13
3
5
5
4
4
4
3
3
3
3
3
3
3
2
3
0
1
3
15
5
3
5
4
0
3
3
3
20
3
31
509
534
494
467
436
429
423
410
406
415
406
407
406
402
402
400
408
401
400
399
396
395
388
388
387
385
455
373
439
328
279
195
71
3
3
3
3
3
3
3
3
2
0
3
15
5
3
4
4
4
4
4
2
3
4
3
3
3
3
3
3
0
5
7
7
3
18
4
3
3
3
2
7
3
3
3
30
137
228
298
326
340
347
354
361
373
385
385
384
391
391
395
408
408
404
417
427
435
449
487
491
497
180
106
9
19
3
0
3
6
15
5
5
4
4
3
3
3
3
3
3
3
3
3
3
0
0
7
2
7
5
19
5
8
47
40
38
55
50
63
66
68
46
81
72
95
50
41
26
46
58
38
40
53
49
55
50
35
38
42
42
50
56
63
75
56
35
55
43
38
48
50
80
34
96
50
92
80
103
54
83
50
52
62
48
55
57
55
47
54
39
38
42
39
31
42
55
53
43
51
39
27
34
35
31
24
20
83
33
76
47
71
79
34
47
35
61
34
36
56
58
52
42
31
39
46
27
46
58
54
52
275
42
27
27
30
19
31
3
42
8
48
59
38
35
67
46
68
38
80
58
68
54
71
48
34
39
43
46
39
46
50
43
74
67
39
43
51
34
42
54
42
47
58
60
43
61
43
32
54
72
38
82
46
63
58
67
57
64
47
74
38
47
47
47
42
46
62
56
79
44
35
35
46
46
47
46
39
42
32
31
52
40
35
40
47
50
46
68
34
63
20
58
39
66
39
59
38
38
38
35
42
52
52
33
35
43
35
22
46
38
50
42
32
41
29
35
42
27
46
46
40
26
56
34
55
37
84
35
44
43
75
26
36
34
20
41
53
28
43
39
31
34
35
