starting

592

553

507

478

455

469

450

451

447

450

449

465

456

455

453

451

447

447

447

446

446

459

466

451

449

448

447

447

447

447

447

445

465

453

450

449

443

444

443

444

443

442

459

463

447

445

447

448

444

443

443

443

443

531

446

540

445

444

447

450

447

443

443

457

445

446

449

439

433

434

430

432

432

432

431

448

439

435

429

434

433

433

433

435

432

537

453

526

433

434

430

431

429

429

429

427

452

436

432

430

433

432

432

432

436

434

455

440

439

437

437

436

436

436

436

434

503

440

533

438

531

436

444

432

437

435

448

441

439

434

433

433

433

428

428

428

428

428

441

434

432

430

429

428

428

428

428

428

524

434

432

430

429

428

428

428

428

428

436

431

428

427

425

425

425

421

421

420

433

427

425

423

421

417

417

417

417

444

430

506

425

513

418

430

421

420

421

421

433

421

424

423

422

422

421

421

421

420

417

414

424

415

413

412

411

411

410

410

410

484

427

506

413

411

411

413

410

410

410

408

427

410

413

411

411

411

410

410

410

408

428

410

416

415

414

418

417

414

414

427

419

417

505

415

501

414

413

413

415

429

419

414

415

415

415

414

414

413

412

428

419

414

416

414

412

411

410

403

406

402

403

417

454

402

490

404

491

403

407

406

403

417

408

403

404

403

403

403

403

402

407

420

406

403

408

407

406

406

402

398

406

415

402

467

393

485

392

415

391

394

411

401

398

396

396

396

392

392

392

402

413

399

398

395

396

396

396

396

396

409

394

407

381

387

386

385

385

385

385

385

394

404

385

387

382

382

385

385

385

384

399

390

388

386

386

385

381

381

381

375

395

377

377

378

389

385

392

395

392

404

412

391

391

389

389

389

388

388

388

404

392

388

390

389

388

389

388

388

389

405

391

388

390

389

385

385

390

385

454

379

466

388

425

383

380

378

381

381

381

378

381

385

383

382

382

381

381

382

380

395

381

384

382

381

385

385

388

396

403

478

369

364

359

362

362

366

369

371

391

378

378

379

378

377

374

374

372

384

382

377

374

370

371

374

374

374

374

391

451

376

458

374

370

363

359

358

358

356

371

363

361

360

355

359

355

355

355

362

359

361

360

355

355

358

359

359

356

376

358

357

425

351

348

340

333

359

382

369

369

393

396

381

370

362

359

358

363

361

358

359

359

362

362

358

370

359

362

360

358

359

359

392

358

433

375

437

361

367

367

348

341

341

344

340

340

352

345

340

341

341

340

344

340

340

341

362

346

344

345

348

348

356

347

437

365

355

356

395

407

407

374

366

366

383

341

320

326

337

337

336

337

337

355

340

347

345

344

344

344

340

341

356

343

340

342

341

375

340

340

337

340

345

340

337

339

334

326

322

325

326

329

334

337

333

331

330

334

333

340

340

402

321

400

326

397

325

390

322

349

319

312

307

318

330

328

325

300

322

366

355

362

384

417

419

365

333

334

333

337

330

336

405

337

421

339

378

334

406

333

404

329

360

336

347

331

330

330

330

329

326

329

330

329

328

329

346

332

329

331

330

329

363

329

410

330

430

336

342

338

338

337

337

337

334

337

350

336

333

342

359

414

403

388

368

376

395

347

307

327

326

325

310

338

314

390

339

416

318

397

323

397

322

333

325

330

351

340

333

334

330

329

329

329

329

323

343

326

338

318

299

285

285

281

254

250

240

239

215

202

258

339

242

94

58

64

56

70

95

90

58

63

63

62

59

62

83

177

224

242

329

395

388

399

418

433

454

193

153

140

102

107

59

67

133

138

117

114

114

139

121

123

146

220

243

258

258

258

274

289

279

282

285

289

277

266

273

273

266

272

259

244

228

235

242

125

132

42

52

8

23

15

46

80

106

31

27

83

94

134

134

144

340

462

449

385

385

385

384

385

369

321

147

76

59

55

55

72

50

77

38

91

55

50

28

19

27

41

118

95

75

87

94

106

113

142

160

197

216

233

186

87

59

63

46

66

51

58

58

54

54

77

99

132

20

60

12

49

47

58

79

75

54

48

48

55

78

75

63

79

205

267

322

366

388

398

444

424

339

243

134

125

110

98

23

22

59

71

65

55

79

67

91

75

5

3

31

71

86

62

55

48

50

54

65

84

87

68

63

50

39

42

46

43

42

42

55

62

64

47

47

18

52

43

39

35

43

23

15

98

111

121

138

188

268

459

445

425

396

362

336

316

255

199

87

63

63

55

58

63

78

66

90

72

67

58

48

74

39

29

23

95

51

50

54

54

46

54

53

67

54

74

87

69

54

51

63

59

55

54

58

51

50

66

94

106

50

29

28

36

39

52

62

121

42

38

42

48

49

75

74

51

119

236

352

374

385

388

435

485

381

203

158

129

114

113

39

31

38

47

44

40

39

35

51

79

112

47

48

42

73

40

58

49

45

44

39

63

52

47

44

43

50

43

46

42

43

39

32

42

46

29

13

83

47

35

35

39

35

38

9

82

128

121

133

143

269

414

464

420

385

372

375

285

217

110

91

83

66

43

42

39

20

76

95

81

43

43

35

9

10

31

7

91

74

80

62

54

52

47

74

61

51

52

71

59

51

62

67

62

47

50

50

54

66

74

85

104

31

35

15

31

43

50

75

59

42

26

31

51

45

71

99

99

134

277

322

351

385

409

443

439

367

259

180

118

113

128

23

31

41

38

43

43

39

35

31

50

43

19

15

31

40

51

31

40

48

39

67

80

50

84

58

46

47

39

35

39

32

39

39

37

43

19

27

98

75

43

38

31

38

31

16

125

138

115

126

161

273

457

504

445

423

369

346

303

262

121

118

94

40

54

65

27

36

35

38

67

50

43

23

9

42

75

62

36

50

69

48

44

47

39

43

63

50

43

85

42

50

51

39

24

43

54

44

39

47

35

35

91

90

19

27

38

42

51

58

74

48

31

39

47

47

59

90

153

231

280

310

349

367

389

455

468

396

161

130

140

113

111

23

23

39

42

46

43

42

32

47

90

101

31

31

39

43

47

47

42

43

46

46

59

55

72

55

55

53

58

51

78

51

61

47

59

58

58

66

91

50

55

50

45

39

27

23

94

114

146

169

192

235

466

442

415

386

374

370

322

261

198

86

59

80

47

63

62

55

23

35

23

55

48

36

37

42

80

91

42

39

35

39

38

38

34

34

32

43

44

53

51

84

41

70

36

63

42

47

31

73

39

43

82

95

88

70

38

30

52

47

31

47

35

31

54

71

42

102

168

236

303

324

349

385

396

409

520

399

327

213

198

162

171

118

137

50

66

75

68

70

84

69

63

66

84

79

79

91

86

82

75

75

78

83

78

90

79

72

90

85

88

67

108

79

119

82

100

78

106

71

87

69

71

63

63

54

51

59

110

149

188

194

224

341

452

417

408

396

381

337

318

288

194

173

111

94

55

95

31

49

42

73

50

69

54

10

12

31

75

116

83

39

47

43

35

35

42

42

43

30

19

39

32

41

39

30

40

38

31

43

35

35

39

39

95

132

41

42

47

44

35

36

39

39

47

47

58

201

284

334

321

347

360

366

378

385

392

392

407

418

420

415

411

399

296

239

192

118

144

103

97

67

79

71

77

62

83

95

100

94

79

72

71

67

71

62

63

62

38

23

27

34

35

48

80

65

81

79

87

157

149

113

48

42

62

32

88

117

155

355

397

399

403

402

397

415

389

390

397

396

385

366

358

348

369

354

353

344

337

303

273

210

62

48

31

58

39

69

11

47

102

42

47

46

52

35

52

37

39

35

39

38

43

43

43

47

58

38

39

32

39

39

49

51

55

63

67

75

3

7

30

85

62

82

39

74

185

259

316

337

351

359

358

356

355

366

383

395

403

396

388

388

397

394

392

401

414

420

378

284

208

74

66

44

65

43

65

39

75

98

155

157

84

90

55

65

72

59

49

51

47

51

47

51

54

62

66

62

66

102

122

197

209

72

75

39

75

62

106

192

409

432

428

399

396

389

389

388

388

392

412

408

398

360

359

362

366

366

359

351

343

327

296

209

125

50

67

84

89

56

8

21

2

83

63

67

67

59

58

79

62

58

54

57

40

64

77

61

75

47

47

71

51

71

62

59

58

48

63

63

6

11

43

67

66

95

157

234

250

343

326

364

368

366

366

366

366

365

378

407

394

392

389

384

384

381

379

399

396

415

430

424

399

354

188

98

66

47

53

39

83

121

238

220

77

71

101

53

69

44

79

84

87

75

67

71

62

46

74

62

95

54

80

231

149

72

48

47

87

98

526

429

491

406

500

389

382

386

389

385

385

388

386

388

386

376

369

370

370

369

365

364

381

366

357

338

288

250

180

138

58

64

69

87

25

69

50

87

54

49

95

67

58

19

94

74

62

58

58

74

119

63

52

59

55

43

39

62

58

46

78

75

24

32

49

85

59

124

227

328

299

397

358

363

387

369

371

370

370

370

369

373

388

401

392

387

386

382

381

381

384

391

435

433

435

426

441

201

104

58

56

50

84

105

215

174

115

58

111

54

66

75

79

86

66

86

73

66

95

73

78

107

122

102

161

176

172

64

43

54

221

390

548

427

464

392

386

376

396

385

389

386

385

384

385

385

382

394

378

375

370

371

369

366

366

373

360

313

278

243

114

100

54

85

64

103

27

74

77

69

12

15

62

59

46

39

3

4

66

71

58

72

4

4

7

38

74

17

16

51

47

59

63

62

22

31

50

72

59

261

238

375

334

426

359

444

368

385

373

377

375

375

378

385

385

386

403

387

384

382

381

377

378

380

399

417

443

444

240

117

111

62

89

28

79

125

231

185

123

94

107

121

91

84

75

83

48

63

73

44

43

47

47

51

55

51

50

59

58

44

51

71

140

383

411

393

385

378

395

380

378

382

381

381

384

397

386

382

378

374

375

374

387

374

372

370

370

370

370

363

359

347

304

246

59

31

24

44

60

72

47

35

6

3

16

31

3

3

4

15

55

63

71

68

35

4

4

13

25

12

4

8

71

72

66

51

40

35

26

118

213

257

322

346

360

400

368

471

373

372

371

374

374

374

370

375

385

383

383

382

381

377

378

383

377

374

375

381

399

445

469

424

277

188

103

54

52

37

68

43

74

43

67

52

52

48

51

63

43

51

32

43

51

45

44

39

42

45

43

46

38

44

48

102

443

426

397

377

374

374

372

389

439

380

377

378

377

377

380

389

378

377

375

374

370

369

369

369

388

372

366

363

348

307

224

192

164

47

35

43

39

51

66

75

9

9

55

71

74

122

62

60

44

32

51

50

43

71

95

62

90

65

30

32

53

73

74

55

43

35

31

35

62

250

314

406

360

474

372

389

370

450

370

374

374

389

392

377

379

378

378

377

378

374

388

379

377

376

374

381

392

406

436

464

456

388

142

79

94

59

71

47

60

46

64

54

103

48

63

59

52

47

47

47

39

51

50

51

46

54

36

39

47

45

75

143

363

450

385

378

420

374

479

379

467

379

449

378

378

377

386

394

382

376

374

374

370

369

370

366

387

373

371

366

362

347

310

192

116

49

44

36

55

96

58

84

27

89

90

80

86

111

86

69

42

58

43

28

43

31

39

47

46

27

42

34

40

48

60

42

28

27

27

174

228

273

322

344

365

366

367

399

370

449

369

448

370

373

371

378

378

377

374

372

387

377

374

375

374

374

374

373

381

424

443

455

308

188

125

66

40

41

35

45

48

34

72

51

74

47

50

45

38

47

50

46

48

63

54

48

55

47

51

51

47

47

62

102

440

427

403

370

380

370

450

374

461

372

399

379

377

374

411

374

374

374

372

387

375

372

371

366

366

366

365

365

373

363

290

235

169

43

23

36

35

68

40

86

55

95

39

38

43

35

31

59

39

47

43

27

39

38

36

50

42

59

42

36

51

43

43

39

31

31

31

94

172

288

327

337

361

441

366

451

365

376

370

459

372

371

371

374

374

375

372

390

374

376

375

374

374

369

369

372

391

407

450

458

437

385

108

82

86

48

80

59

63

52

64

58

83

51

51

63

50

44

42

39

50

43

32

53

61

53

31

39

43

39

75

180

406

438

388

375

372

369

370

370

370

369

381

374

372

371

374

370

369

369

371

384

372

366

367

366

366

362

360

375

326

279

232

161

102

74

42

20

38

43

35

31

35

35

39

54

35

35

31

77

35

31

39

49

52

35

44

35

35

31

31

35

39

34

36

31

39

25

31

39

55

173

315

348

358

362

378

366

364

371

366

366

366

364

385

388

372

370

370

370

369

368

379

371

368

366

370

369

377

413

449

459

302

217

126

62

47

34

43

38

52

49

44

47

61

47

43

57

35

47

38

43

42

38

43

44

55

39

52

43

27

43

55

87

424

432

386

366

370

368

366

366

366

366

368

385

400

370

370

370

369

366

364

382

370

368

367

363

362

362

359

369

360

350

289

235

161

27

35

24

39

38

41

35

39

35

39

32

38

39

35

74

61

42

43

47

50

44

36

47

47

35

46

35

30

38

31

39

8

35

47

18

122

193

247

292

355

358

360

418

369

451

366

450

362

369

369

366

379

386

368

367

366

366

366

365

364

381

369

372

389

411

440

450

447

216

111

77

55

31

42

47

72

50

89

54

56

54

51

68

34

75

55

63

55

39

51

51

51

51

43

47

42

46

75

128

355

446

379

370

366

366

366

364

372

371

448

366

452

366

439

370

368

383

401

368

367

366

362

362

362

360

374

358

333

296

255

138

39

54

50

36

55

53

49

47

43

40

39

54

50

82

34

63

37

38

55

20

54

26

53

55

31

51

55

38

39

46

46

31

35

36

41

46

68

167

270

303

329

355

355

354

375

441

364

449

362

385

362

439

359

453

362

364

363

363

362

362

362

362

372

372

392

444

450

443

355

190

97

55

53

55

43

39

48

47

73

58

94

59

54

72

38

70

45

95

53

55

54

52

51

43

43

46

46

43

54

60

341

460

403

370

367

362

362

362

362

375

388

365

445

366

446

362

433

360

378

365

387

363

364

359

359

358

355

369

351

334

247

165

66

39

34

46

39

36

54

34

44

40

47

50

47

68

47

75

64

42

63

42

64

37

42

42

39

39

34

35

27

35

35

35

32

31

46

29

74

170

205

251

326

344

348

355

359

360

359

359

358

358

356

376

361

438

359

359

358

362

355

358

365

363

370

407

421

436

382

235

119

66

63

47

39

39

43

46

43

32

43

47

49

47

45

63

35

53

55

72

47

82

51

54

50

40

55

50

44

47

54

79

134

343

414

399

374

375

362

360

359

359

358

358

388

368

449

362

453

359

430

358

437

358

366

359

358

352

352

348

322

280

210

39

41

31

50

39

51

39

35

43

31

39

46

26

42

44

49

50

69

39

111

35

42

51

66

38

34

35

32

47

39

44

35

27

39

34

35

43

31

31

91

217

261

315

337

348

351

355

352

373

358

356

355

355

355

355

354

377

357

415

355

363

358

384

408

419

428

331

165

125

71

58

40

38

47

45

38

47

43

43

47

35

47

43

42

80

46

64

42

74

49

75

44

74

35

37

38

35

42

38

26

47

61

73

221

421

421

407

381

366

369

358

357

356

355

355

355

352

355

359

353

352

413

348

344

328

359

314

278

251

216

42

34

31

26

40

47

40

35

31

38

39

35

35

38

39

32

45

39

36

36

48

60

35

76

47

75

47

47

42

39

32

41

46

37

44

47

35

55

42

39

35

31

31

205

265

287

313

319

330

348

351

351

351

369

401

352

438

355

442

355

426

369

366

379

396

417

389

273

208

94

83

77

47

47

43

43

47

50

43

59

50

46

54

42

59

34

47

49

74

59

76

58

94

46

64

47

76

46

64

32

77

51

45

63

176

311

403

424

403

384

387

358

356

356

355

355

355

354

362

357

353

395

352

432

347

423

326

393

303

358

270

199

98

35

39

35

40

50

47

45

39

36

39

42

39

42

46

50

46

42

32

35

28

39

38

50

51

83

35

85

35

39

39

65

30

96

39

51

49

56

52

47

43

39

27

27

82

149

180

238

304

320

334

345

348

347

348

347

373

355

424

366

455

382

446

386

473

385

301

82

63

54

59

55

54

51

42

28

49

47

63

47

55

51

47

50

51

35

50

47

47

58

66

56

72

58

72

35

65

43

57

46

62

54

86

42

56

74

216

336

371

381

389

385

378

362

368

360

355

353

351

347

343

344

348

357

336

361

281

300

168

133

71

60

42

83

32

61

39

52

43

31

38

39

35

43

40

40

57

49

36

51

39

35

27

35

39

35

50

35

43

28

32

50

45

74

31

67

51

75

47

51

50

59

39

40

40

39

38

59

129

154

201

270

299

314

329

357

347

349

356

359

362

369

366

377

386

279

296

173

98

58

76

50

84

52

70

49

57

31

48

51

59

63

50

54

50

50

48

38

48

52

59

66

63

55

59

43

50

35

42

38

56

42

64

42

95

48

50

47

39

47

83

63

94

142

143

133

145

276

308

311

288

280

258

208

187

136

74

55

55

39

27

38

35

40

50

66

47

95

52

71

39

68

35

79

27

45

43

30

44

46

65

42

44

45

36

55

59

31

47

47

35

42

43

38

34

27

53

33

38

44

27

70

43

61

35

59

42

56

35

79

45

40

47

47

51

54

50

62

83

90

78

85

82

85

60

51

55

47

39

47

50

42

51

46

38

54

72

48

70

47

80

54

70

58

71

51

93

40

57

40

42

51

57

47

63

55

51

39

54

34

46

42

42

34

53

57

45

43

43

43

39

39

56

38

74

50

72

47

92

53

43

44

95

42

27

47

51

55

51

46

50

49

50

42

39

31

55

51

39

54

35

42

42

27

48

52

40

52

47

61

54

120

31

61

39

38

43

50

43

27

61

56

39

39

47

35

31

38

38

35

51

48

39

47

45

28

47

47

47

43

39

54

47

36

56

75

58

84

47

58

47

52

47

74

54

61

46

38

40

47

41

48

47

51

39

46

51

50

38

39

46

40

47

67

69

59

31

63

43

43

66

83

59

84

58

95

66

80

49

87

57

75

35

57

58

55

43

50

54

50

46

32

40

47

54

48

51

54

47

39

50

31

27

42

43

40

69

38

77

43

85

47

64

42

55

42

47

47

52

48

43

50

56

31

39

43

42

47

31

38

42

27

48

47

31

40

43

36

39

26

39

42

53

47

55

34

70

28

55

26

86

39

55

47

41

50

39

38

39

27

40

52

61

57

44

39

51

47

31

39

42

46

42

36

52

59

43

40

39

64

47

75

38

68

46

58

50

44

54

65

44

47

43

55

55

51

59

54

54

55

48

52

58

44

51

50

68

67

63

59

54

50

46

32

54

77

40

105

43

70

59

54

47

47

35

61

46

44

51

45

55

46

49

39

43

31

39

39

47

47

46

39

48

48

35

29

47

35

31

54

60

43

69

54

64

32

73

35

72

31

45

39

27

43

31

42

38

39

32

46

47

52

59

39

55

39

43

43

47

35

39

47

38

39

56

41

64

40

70

43

47

43

76

39

82

34

66

36

51

36

35

39

47

51

43

38

50

46

42

32

45

59

40

43

47

51

50

54

47

54

43

32

38

64

53

83

54

69

51

82

55

73

39

71

50

46

72

42

44

70

79

40

51

59

39

47

54

46

58

46

54

50

35

47

49

39

39

36

35

82

47

70

39

63

42

62

35

45

35

51

51

52

47

43

46

51

30

42

42

43

50

47

47

43

43

55

43

30

47

43

27

42

52

39

49

35

70

39

52

39

47

53

50

47

50

58

36

23

61

33

43

39

47

43

55

50

39

51

46

40

38

31

45

44

36

55

47

51

54

46

44

38

64

45

84

40

72

42

63

47

39

42

53

38

43

32

49

47

49

52

46

47

39

42

51

50

50

66

58

52

71

77

48

51

55

48

43

DONE
