DONE

530

579

568

551

549

531

528

527

530

530

530

527

530

526

530

530

530

530

527

526

526

540

547

632

559

536

534

530

533

532

529

532

531

531

531

530

530

527

527

526

526

526

526

526

527

526

527

526

526

540

526

544

542

531

634

529

638

526

540

528

527

531

531

530

530

530

526

530

529

530

530

530

526

530

531

546

548

530

536

533

530

546

646

531

610

503

499

501

496

495

499

496

496

496

495

495

495

495

495

492

492

491

495

495

503

508

492

498

496

492

495

494

493

493

493

492

492

597

492

590

488

497

488

492

488

488

488

507

510

492

496

495

495

494

493

496

497

496

495

496

495

495

498

495

495

495

495

494

595

496

624

501

543

499

501

497

497

496

496

492

493

492

496

489

478

450

446

446

446

446

446

446

446

444

461

462

451

449

460

448

536

446

542

446

455

446

446

445

453

453

452

449

448

461

463

458

450

445

439

440

436

435

436

439

439

443

439

443

442

508

441

532

457

494

442

448

444

444

444

443

443

442

446

445

446

445

445

445

445

456

461

449

451

449

446

448

447

446

447

446

534

446

542

486

436

424

402

385

380

379

377

387

393

377

380

379

382

382

381

381

377

377

377

377

380

380

380

378

394

400

384

391

472

388

475

389

403

378

363

351

333

325

325

322

316

313

314

370

351

349

409

438

433

406

406

417

439

413

351

321

310

310

329

360

323

400

321

415

333

345

344

344

351

351

351

354

361

362

362

384

391

383

380

377

394

366

343

244

15

4

4

51

261

263

239

226

208

256

197

244

192

191

188

192

200

192

190

189

188

189

184

188

184

188

201

374

467

466

452

456

454

427

361

330

311

205

192

184

183

184

205

180

181

166

183

161

141

95

19

39

4

4

4

84

71

47

19

4

3

27

43

27

3

3

12

197

303

281

284

329

340

406

318

308

322

314

310

11

0

0

0

3

27

46

11

0

31

59

0

0

3

2

3

3

3

3

3

6

23

39

74

0

3

8

2

18

3

12

39

150

161

177

176

204

176

186

198

184

186

189

194

307

351

392

435

442

452

485

481

368

212

186

199

191

188

189

221

188

244

192

216

188

240

191

241

188

194

188

196

201

191

200

203

202

282

161

3

5

5

3

5

5

6

7

109

283

224

210

201

193

192

187

183

184

201

182

234

193

255

184

191

189

192

201

212

238

428

474

467

453

452

461

448

432

426

414

329

235

191

176

176

172

172

164

176

228

169

207

130

10

3

5

4

4

130

157

86

79

71

66

71

71

54

31

11

11

54

54

38

55

70

48

46

2

2

2

0

3

39

80

71

74

71

82

84

108

114

117

98

63

32

23

35

39

47

43

42

39

39

46

39

43

63

70

62

58

50

74

2

3

3

62

102

156

192

303

350

372

413

421

512

424

434

420

421

420

427

430

456

474

453

446

444

443

439

439

442

449

456

463

474

471

415

270

202

155

114

106

102

128

102

134

145

127

3

0

0

0

3

3

3

3

3

3

3

3

3

3

3

3

125

90

70

58

62

62

54

134

378

539

474

454

438

432

433

432

432

436

435

486

436

433

450

439

436

430

428

429

428

424

424

424

423

424

419

430

434

407

383

341

220

184

117

9

9

50

56

62

31

42

43

42

56

43

32

44

29

37

34

25

35

39

31

70

102

71

62

35

27

5

43

59

2

3

3

4

19

39

27

39

39

38

62

102

3

2

20

3

3

3

3

19

43

42

50

70

4

5

7

2

8

56

273

349

387

409

418

417

417

421

420

423

424

424

435

427

432

430

428

496

429

428

428

428

428

431

437

445

431

430

429

428

428

428

427

439

456

488

526

523

373

115

6

8

8

3

4

5

5

5

15

17

6

8

3

21

5

23

5

23

4

5

5

5

3

11

4

36

498

538

509

439

427

423

424

423

422

423

492

427

426

425

425

424

424

424

422

424

503

436

430

424

422

421

417

417

417

416

413

413

407

409

401

369

287

213

62

3

3

3

3

3

3

3

3

4

12

2

3

3

3

11

79

82

23

56

3

2

3

3

3

3

3

2

3

3

2

3

3

3

3

3

3

3

3

3

3

3

3

3

3

3

3

2

3

3

3

3

3

3

3

3

3

169

238

322

325

431

402

420

412

411

413

413

413

413

413

413

416

416

433

420

418

419

417

417

417

416

416

416

414

428

417

416

418

417

474

427

537

477

635

526

457

47

7

6

3

7

6

2

7

7

0

0

0

3

0

0

3

2

0

0

0

0

0

2

0

0

3

0

0

20

488

537

523

432

500

407

406

406

413

406

406

404

421

406

408

407

406

406

406

405

402

402

400

415

404

401

391

385

377

365

325

295

254

88

4

21

3

31

7

3

7

7

6

7

6

6

3

7

5

3

5

5

5

5

5

4

3

5

5

2

5

15

17

6

5

2

6

5

2

5

5

5

5

5

5

14

4

21

3

4

4

5

4

4

3

3

3

4

2

3

3

3

3

3

3

2

3

11

90

153

220

269

336

356

380

381

391

393

391

396

395

395

403

395

396

399

510

401

420

414

424

436

446

452

459

492

475

296

43

11

6

2

5

4

4

4

4

4

2

4

4

3

5

5

27

47

79

62

79

47

53

47

68

30

89

46

54

54

51

66

71

66

34

44

49

50

49

59

48

63

55

83

67

79

71

95

94

78

86

76

66

94

74

97

38

46

36

65

42

75

54

63

43

63

63

27

43

46

23

27

35

50

58

42

55

58

46

35

33

36

31

55

49

28

32

23

76

35

83

47

76

35

80

36

71

63

35

51

54

39

39

46

30

26

16

60

57

53

41

55

63

23

46

47

46

47

59

54

46

50

51

34

34

31

50

18

64

56

113

62

53

47

37

47

53

51

19

43

58

51

46

31

39

38

30

38

47

16

40

54

70

37

54

60

47

47

43

56

31

74

39

102

67

76

78

92

46

74

16

61

32

39

43

62

48

28

42

37

35

63

55

43

51

51

42

43

42

50

35

42

43

27

42

28

42

56

45

71

55

71

37

28

35

66

31

58

47

43

39

47

46

31

42

43

19

39

42

40

36

36

55

23

34

40

35

27

43

39

23

39

57

47

49

42

73

42

56

38

43

32

42

54

63

42

39

37

39

27

27

47

35

54

39

35

46

DONE
